mAP: 0.7915485508476959
ap of each class:
plane:0.8875945724398214
baseball-diamond:0.8593417346127886
bridge:0.5556445422264874
ground-track-field:0.8044852370066479
small-vehicle:0.8089313064856095
large-vehicle:0.8546972640056665
ship:0.8836897119913687
tennis-court:0.9086700334086308
basketball-court:0.8789793050826452
storage-tank:0.865603010539479
soccer-ball-field:0.7191063783475771
roundabout:0.6689541847988943
harbor:0.7727884761508224
swimming-pool:0.7259194172854238
helicopter:0.678823088333578