mAP: 0.7221103669567318
ap of each class:
plane:0.8837354687330343
baseball-diamond:0.7650237108334639
bridge:0.48571695669068593
ground-track-field:0.6875041106836115
small-vehicle:0.7537870088381915
large-vehicle:0.7607476800383202
ship:0.8672480178914783
tennis-court:0.9083711602625246
basketball-court:0.7960622386114189
storage-tank:0.8373039215148466
soccer-ball-field:0.5741739447227682
roundabout:0.6571340563382281
harbor:0.6624149339975377
swimming-pool:0.6609610131851792
helicopter:0.5314712820096881