mAP: 0.7238040123867944
ap of each class:
plane:0.8851547201257801
baseball-diamond:0.7836902254632463
bridge:0.49532407138171175
ground-track-field:0.6692239330492193
small-vehicle:0.7485712041556851
large-vehicle:0.7621483228737863
ship:0.8642334446911821
tennis-court:0.9080354033634814
basketball-court:0.8340598564800207
storage-tank:0.836533195229135
soccer-ball-field:0.5751713949330536
roundabout:0.6250564661064241
harbor:0.6670817256892553
swimming-pool:0.6576259128800892
helicopter:0.5451503093798443