mAP: 0.699167912672148
ap of each class:
plane:0.8868703398969485
baseball-diamond:0.7523538417552176
bridge:0.4038968145831912
ground-track-field:0.6384358734820671
small-vehicle:0.763159805742569
large-vehicle:0.7003875963594413
ship:0.8314206027361534
tennis-court:0.9048608323321826
basketball-court:0.805190896807105
storage-tank:0.8165971799158532
soccer-ball-field:0.5256798119980371
roundabout:0.6188861150213663
harbor:0.6009452300405357
swimming-pool:0.6760098826308504
helicopter:0.5628238667807013