mAP: 0.7091102985779405
ap of each class:
plane:0.888246990751569
baseball-diamond:0.7846567903459375
bridge:0.44027204892230376
ground-track-field:0.6864507155020028
small-vehicle:0.7731860346042748
large-vehicle:0.7030580152059558
ship:0.8592293599733792
tennis-court:0.9085424962628139
basketball-court:0.813677601740438
storage-tank:0.8257023619264763
soccer-ball-field:0.5231367452467338
roundabout:0.6324907111698864
harbor:0.6129747909291348
swimming-pool:0.6815623341833382
helicopter:0.5034674819048637