mAP: 0.694169586855394
ap of each class:
plane:0.8842049873996657
baseball-diamond:0.7437345256073221
bridge:0.4155630250572274
ground-track-field:0.6577851834931121
small-vehicle:0.7762360835674837
large-vehicle:0.7008753419367948
ship:0.849477576918265
tennis-court:0.9088120860961542
basketball-court:0.829710637184356
storage-tank:0.8309978402422787
soccer-ball-field:0.4978483106749397
roundabout:0.6241539179261788
harbor:0.605268523615729
swimming-pool:0.6546960693842159
helicopter:0.4331796937271867