mAP: 0.7830825205051212
ap of each class:
plane:0.8929759029395475
baseball-diamond:0.8590893023918172
bridge:0.5543001020718693
ground-track-field:0.8001629102246878
small-vehicle:0.7976590260997307
large-vehicle:0.8302780106826412
ship:0.8835198809147689
tennis-court:0.908602947124902
basketball-court:0.856294387824018
storage-tank:0.871197098918952
soccer-ball-field:0.6874581406939076
roundabout:0.6986333558435266
harbor:0.7629508265174645
swimming-pool:0.745259775822763
helicopter:0.5978561395062194