mAP: 0.7105516459098629
ap of each class:
plane:0.887568745807248
baseball-diamond:0.7650242429119951
bridge:0.4394858160382607
ground-track-field:0.6990980405377567
small-vehicle:0.7777136921324453
large-vehicle:0.7024706208191496
ship:0.8587194733867258
tennis-court:0.9087524538008531
basketball-court:0.8224937004721432
storage-tank:0.8218258559378497
soccer-ball-field:0.5293303219642956
roundabout:0.615514876744486
harbor:0.6109786096481378
swimming-pool:0.6796154396224866
helicopter:0.5396827988241101