mAP: 0.6988445117966638
ap of each class: 
plane:0.8869503180789048
baseball-diamond:0.7379644723088806
bridge:0.4085661657839143
ground-track-field:0.6455026211710508
small-vehicle:0.7697316573968548
large-vehicle:0.7037056722524891
ship:0.8277391387815282
tennis-court:0.9044103654217822
basketball-court:0.8449970443701247
storage-tank:0.8291990217118659
soccer-ball-field:0.5328846710441411
roundabout:0.6150960849601302
harbor:0.5922800153456849
swimming-pool:0.6838340025905365
helicopter:0.49980642573207157