mAP: 0.7089744834556794
ap of each class:
plane:0.8870191297153047
baseball-diamond:0.7873829322701189
bridge:0.4433055489212878
ground-track-field:0.664930776153746
small-vehicle:0.7763819734805638
large-vehicle:0.7100162846843631
ship:0.8565197318080481
tennis-court:0.907810099678695
basketball-court:0.792753377378205
storage-tank:0.8338288715561029
soccer-ball-field:0.5163989119809597
roundabout:0.6289257778124557
harbor:0.6165623266440317
swimming-pool:0.6853563723918784
helicopter:0.5274251373594337
