mAP: 0.7220093492991934
ap of each class:
plane:0.8842536780244777
baseball-diamond:0.7754256294827472
bridge:0.4882881473250496
ground-track-field:0.6668396900902392
small-vehicle:0.7552001008102942
large-vehicle:0.7547215211542702
ship:0.8653585573793747
tennis-court:0.907472766178524
basketball-court:0.8527503237944805
storage-tank:0.8344559123749931
soccer-ball-field:0.5844159097085645
roundabout:0.6083192324875013
harbor:0.6644602058728345
swimming-pool:0.6593538350685187
helicopter:0.5288247297360322